---------------------DE--------------
Total number of nodes:  1174
Total number of edges:  779
Degree for all nodes:  OrderedDict([(0, 282), (1, 579), (2, 187), (3, 74), (4, 22), (5, 11), (6, 7), (7, 4), (8, 1), (11, 1), (12, 1), (20, 1), (21, 1), (23, 1), (37, 1), (38, 1)])
Number of connected components:  561
List of all nodes with self-loops:  []
---------------------EN------------------------
Total number of nodes:  2123
Total number of edges:  3715
Degree for all nodes:  OrderedDict([(0, 168), (1, 523), (2, 532), (3, 383), (4, 185), (5, 91), (6, 67), (7, 46), (8, 30), (9, 11), (10, 9), (11, 8), (12, 7), (13, 7), (14, 5), (15, 2), (16, 5), (17, 1), (18, 3), (19, 5), (20, 2), (22, 2), (23, 1), (24, 2), (25, 3), (26, 1), (27, 3), (28, 1), (29, 2), (32, 2), (35, 3), (37, 2), (40, 3), (43, 1), (54, 1), (55, 1), (91, 1), (107, 1), (135, 1), (136, 1), (330, 1)])
Number of connected components:  369
List of all nodes with self-loops:  []
-------------------------multi-----------------
Total number of nodes:  1699
Total number of edges:  5776
Degree for all nodes:  OrderedDict([(0, 257), (1, 410), (2, 202), (3, 120), (4, 142), (5, 51), (6, 47), (7, 38), (8, 26), (9, 38), (10, 33), (11, 34), (12, 9), (13, 16), (14, 15), (15, 106), (16, 14), (17, 6), (18, 4), (19, 3), (20, 5), (21, 12), (22, 14), (23, 15), (24, 6), (25, 1), (26, 5), (27, 3), (28, 1), (29, 5), (30, 2), (32, 4), (33, 2), (34, 4), (35, 2), (36, 2), (40, 4), (44, 2), (47, 1), (49, 2), (50, 3), (52, 3), (59, 14), (60, 1), (92, 1), (93, 3), (94, 2), (95, 1), (98, 1), (99, 1), (101, 1), (103, 2), (105, 1), (122, 2)])
Number of connected components:  343
List of all nodes with self-loops:  []
